0   155
5	202.7661741
10	212.7172977
15	224.7119167
20	235.9439832
25	246.4000794
30	263.372034
35	335.6853461
40	348.083427
45	359.0341382
50	369.9749877
55	380.6778425
60	391.9193914
65	456.2341737
70	481.4080548
75	492.5807307
80	503.6951141
85	516.3990439
90	529.4778387
95	581.5629642
100	619.0035442
105	627.6781618
110	638.0052439
115	648.9569076
120	662.454246
125	675.4906774
130	689.7077307
135	713.2920756
140	745.7519536
145	784.2618224
150	828.7721116
155	884.3291458
160	970.3337771
165	1115.793723