0   89
10	92.59397807
20	94.06499023
30	96.27826447
40	99.52826562
50	102.1437825
60	105.1940184
70	154.0087437
80	157.4831891
90	160.5709563
100	163.7951059
110	166.1397366
120	169.2224027
130	199.8963664
140	219.0613075
150	222.1603492
160	224.1954326
170	227.5621839
180	230.9704528
190	238.2492386
200	255.4108442
210	258.3623192
220	288.5548089
230	293.4261182
240	298.0678563
250	302.1431746
260	303.3566594
270	305.9863193
280	308.1643947
290	312.1522547
300	318.6836868
310	325.2449253
320	336.521084
330	351.5861447
340	393.9087948
350	380.8795597
360	459.3108566