0   155
10	195.7163229
20	195.8561816
30	198.1928271
40	199.9089009
50	202.9805597
60	204.907797
70	206.8956044
80	209.3691883
90	265.000227
100	281.454818
110	282.9543805
120	285.1561654
130	288.1432842
140	289.5348872
150	291.7337944
160	294.8394444
170	296.9166399
180	299.0127353
190	331.5485221
200	369.2767642
210	371.499279
220	373.12772
230	378.4785501
240	381.5701989
250	382.2716486
260	385.972718
270	394.181237
280	391.2667843
290	403.5319892
300	410.4890561
310	415.2376548
320	444.2109522
330	454.5179114
340	451.1974773
350	467.0883235
360	461.9453799
370	468.6545464
380	480.5249008
390	477.1024951
400	490.3882227
410	527.4519546
420	524.0459249
430	524.099104