0   100
10	109.3966093
20	108.9681675
30	111.0626519
40	113.0422746
50	115.4866742
60	117.8565836
70	120.3284722
80	122.6759358
90	125.2438789
100	127.743085
110	130.2407878
120	132.7071641
130	135.1666272
140	138.2350604
150	140.129162
160	142.5597002
170	144.6444541
180	148.0560264
190	151.5746662
200	154.0433669
210	155.2521442
220	159.1558232
230	161.8811713
240	164.3436707
250	166.4908998
260	168.7186205
270	171.6331504
280	174.8742929
290	176.3567579
300	178.2778335
310	180.6533278
320	183.1836488
330	185.3312746
340	187.6409071
350	191.3439613
360	194.2776981
370	197.8486957
380	202.2278317
390	206.229947
400	207.9971747
410	221.1092982
