0   89
10	95.25439485
20	93.86433753
30	95.34689913
40	97.03156567
50	98.53047158
60	100.6888573
70	102.2295364
80	104.7192368
90	148.2153107
100	155.1673082
110	157.898093
120	159.7312461
130	161.8269034
140	163.8920009
150	165.2295188
160	166.687226
170	176.3174644
180	185.8718084
190	210.0547545
200	220.006393
210	222.0382629
220	224.3779297
230	229.0832406
240	232.0285386
250	229.9467422
260	239.5120638
270	244.3609496
280	251.0526229
290	273.5685805
300	280.0726951
310	284.7522807
320	289.2248224
330	292.3673708
340	293.3696274
350	297.0957933
360	298.5533387
370	299.678934
380	306.8575553
390	303.6892611
400	322.2403249
410	315.6908007
420	326.3642362
430	335.2459044
440	388.6589483
450	407.1605539
460	397.6513481