0   89
10	96.17166275
20	99.37545963
30	103.9969839
40	108.1457421
50	111.3994088
60	115.4099076
70	119.8823991
80	124.1014735
90	126.897448
100	131.347912
110	164.3373335
120	190.1891327
130	194.3063955
140	198.5294403
150	203.1644253
160	207.1679478
170	210.9144654
180	214.9853488
190	220.1013678
200	223.0317174
210	238.5185997
220	255.7783505
230	266.8441843
240	284.2217737
250	291.4398235
260	294.6271372
270	300.2250338
280	304.8188082
290	310.1652773
300	314.6960459
310	328.9713964
320	326.6041032
330	336.4384744
340	344.8803914
350	353.2374376
360	366.9588299
370	386.0010799
380	389.9758672
390	399.7546225
400	403.7953917
410	411.36308
420	415.5853612
430	419.7236654
440	425.180801
450	428.3935084
460	433.502757
470	438.2743098
480	444.6833365
490	455.7030233
500	463.7030426
510	461.9891961
520	478.9731675
530	498.5505917
540	501.7892325
550	520.5309391
560	553.8169892
570	557.0018931
580	582.6473795
590	639.6811877
600	633.5569622
610	671.3542724
620	690.8174306
630	766.2510508
640	769.8626586
