0   155
10	198.2131807
20	201.3976792
30	206.9813222
40	213.1316991
50	216.9020904
60	222.1721151
70	227.5445861
80	232.216601
90	236.2197345
100	241.5740529
110	245.795302
120	249.9508185
130	254.6351363
140	260.5590438
150	295.0095101
160	316.8569383
170	341.9426732
180	348.0941962
190	353.561903
200	357.6873865
210	362.472535
220	368.4469061
230	371.7622433
240	376.8495302
250	382.6328423
260	385.8629678
270	390.8719128
280	394.3603999
290	400.0211647
300	420.0527173
310	425.1822079
320	445.2638896
330	478.2643731
340	481.7367795
350	489.5260409
360	485.2999866
370 497.297409
380	509.9811222
390 511.200579
400	521.9468273
410	527.8292005
420	531.7760973
430	544.822698
440	552.8553104
450	561.0754929
460	563.6093093
470	574.3848676
480	590.6455945
490	600.7112477
500	608.8782955
510	623.8178047
520	622.4626627
530	643.4568096
540	654.8928698
550	652.0257954
560	664.0288679
570	670.9314185
580	675.9023215
590	682.7120982
600	685.7681179
610	691.5085736
620	686.864635
630	704.3725958
640	703.2812704
650 712.8628022
660	722.5513682
670	739.1472885
680	731.3876791
690 742.5551106
700	751.8962531
710	802.9930711
720	806.9526303
730	797.3239163
740	781.3210007
750	823.198339
760	881.7576718
770	877.0885466
780	879.7717994
790 929.0054504
800 985.8705547
810	979.4485711
820	1034.106122
