0   100
10	111.8966208
20	114.6724662
30	119.049692
40	123.9313183
50	128.5490062
60	133.5175175
70	138.8253153
80	143.6564876
90	148.5863976
100	153.5690218
110	157.8909683
120	162.1930843
130	166.6740424
140	173.3436126
150	180.5779714
160	186.6178734
170	191.6559912
180	194.5734985
190	199.3659678
200	204.0455374
210	208.9392407
220	213.9483975
230	218.7813791
240	223.629339
250	228.4982912
260	233.3495863
270	238.3420791
280	243.3401803
290	248.1422698
300	252.7368942
310	259.8331271
320	266.7983786
330	272.3799447
340	278.0344022
350	283.1323387
360	288.0890539
370	293.2375283
380	298.2215308
390	302.992581
400	307.9649286
410	313.5023936
420	317.784681
430	323.532184
440	327.5322383
450	332.5883491
460	337.7096902
470	342.6344673
480	347.3909646
490	352.208726
500	357.9530355
510	363.2606706
520	367.3183153
530	372.6687442
540	377.1572547
550	383.3423268
560	387.3689525
570	393.5330462
580	397.9167517
590	403.8968334
600	409.60836
610	413.6810352
620	417.9772832
630	427.208837
640	435.3329776
650	440.9948159
660	450.8840444
670	453.7304004
680	461.7367921
690	492.084739
700	506.2078167
710	526.8305908
720 526.462
730	540.1306997
740	588.4503903
750	582.33441
