0   155
5	398.9871643
10	412.5018667
15	424.3272611
20	436.4852505
25	449.1871037
30	461.0117245
35	472.0636086
40	484.0155345
45	495.0421538
50	505.8534717
55	516.0450608
60	526.3282821
65	536.8707535
70	548.1656976
75	559.5175875
80	570.3843929
85	581.414195
90	592.8088503
95	604.12209
100	615.6033133
105	626.7447124
110	639.0691265
115	650.3310915
120	662.3549181
125	675.655398
130	692.1882226
135	713.2920756
140	745.7519536
145	784.2618224
150	828.7721116
155	884.3291458
160	970.3337771
165	1115.793723
