0   89
10	238.9577037
20	234.0431116
30	234.7904598
40	237.7666519
50	240.4829826
60	243.699385
70	246.6263833
80	249.6913206
90	252.4775116
100	255.2365963
110	258.120782
120	260.8917223
130	264.1017573
140	266.9183698
150	269.9450738
160	272.3995427
170	275.6006967
180	278.8450707
190	281.7400342
200	284.3941053
210	287.1469723
220	289.5900122
230	291.9783661
240	294.9393113
250	297.1037933
260	300.2638303
270	303.3941995
280	306.3703637
290	311.0557702
300	314.6867135
310	325.2449253
320	336.521084
330	351.5861447
340	393.9087948
350	380.8795597
360	459.3108566