0   100
10	109.7102359
20	109.7388399
30	111.1512372
40	113.2418418
50	115.5113194
60	117.9467235
70	120.1685942
80	122.613838
90	125.0050389
100	127.7509848
110	130.2172523
120	132.72868
130	135.1085336
140	137.4538491
150	139.7686063
160	142.3205898
170	144.8693853
180	147.3842013
190	150.0579914
200	152.5257523
210	155.2642483
220	157.611185
230	160.0631836
240	162.8226469
250	165.0466351
260	167.9922159
270	172.3581749
280	175.1906286
290	179.6819198
300	182.4165502
310	185.1599376
320	183.6177825
330	188.4910856
340	188.6122238
350	190.7694384
360	196.3099526
370	198.1407735
380	200.1045333
390	206.0019268
400	207.9971747
410	221.1092982
