0   89
10	229.8997372
20	229.5457315
30	231.042165
40	233.4402588
50	235.8665092
60	237.9423828
70	240.4363481
80	242.5579579
90	245.1126107
100	247.6457099
110	250.8056482
120	253.2329348
130	255.7622319
140	257.290274
150	259.5063616
160	261.4149202
170	263.0155213
180	264.8358421
190	266.5317319
200	269.2747361
210	269.9212584
220	271.5086582
230	273.5634357
240	276.1068448
250	277.9519925
260	279.5835833
270	281.7894928
280	282.9885424
290	285.0760562
300	287.5217662
310	290.1419694
320	291.3688254
330	292.7365713
340	295.153414
350	296.6581338
360	298.8587974
370	299.9525361
380	301.4923005
390	308.3151085
400	305.4229706
410	315.6908007
420	326.3642362
430	335.2459044
440	388.6589483
450	407.1605539
460	397.6513481