0   155
10	392.055903
20	393.1647617
30	396.2827911
40	399.1730302
50	401.3982466
60	403.661516
70	406.1129758
80	408.3595238
90	410.7200311
100	412.6262276
110	415.8064225
120	418.4313592
130	420.5066221
140	423.0761204
150	425.6311109
160	427.712184
170	430.1267456
180	433.0092145
190	436.1550453
200	438.1311886
210	440.26426
220	442.6789647
230	445.3149619
240	446.594766
250	450.2492514
260	450.4349656
270	453.7804239
280	455.6792774
290	457.8681731
300	459.5539711
310	460.5585708
320	463.3143274
330	464.093476
340	468.5457794
350	472.2703856
360	472.701303
370	473.916569
380	475.7087686
390	477.1024951
400	490.3882227
410	527.4519546
420	524.0459249
430	524.099104