0   89
10	230.7380155
20	235.7448348
30	241.2307808
40	246.3746032
50	251.7237658
60	258.0278312
70	263.6793678
80	268.9714388
90	274.4133563
100	279.6545102
110	285.0677456
120	290.1711917
130	294.3991053
140	298.3117626
150	302.8094708
160	306.7550961
170	310.9862202
180	315.1515528
190	318.7357128
200	323.3257958
210	327.2121582
220	331.5201464
230	335.0979339
240	340.0823479
250	343.9086178
260	347.0341044
270	351.13732
280	354.7679599
290	361.1290441
300	364.9849746
310	368.9922708
320	372.0594596
330	376.9068101
340	381.0413528
350	386.0083556
360	390.6731137
370	394.6207841
380	399.0948256
390	402.9626172
400	406.5571374
410	412.2342263
420	414.5227921
430	419.9992288
440	423.631768
450	427.3057925
460	431.9840507
470	437.8773208
480	441.6310636
490	447.127926
500	457.1561432
510	461.9891961
520	478.9731675
530	498.5505917
540	501.7892325
550	520.5309391
560	553.8169892
570	557.0018931
580	582.6473795
590	639.6811877
600	633.5569622
610	671.3542724
620	690.8174306
630	766.2510508
640	769.8626586
