0   100
10	112.5750508
20	115.5994603
30	120.0203671
40	125.0206488
50	130.2230878
60	135.4280158
70	140.5348196
80	145.8274766
90	151.0931743
100	156.6938866
110	161.947899
120	167.0647071
130	172.2534218
140	177.1462886
150	182.4418293
160	187.4554366
170	191.8098182
180	197.0990183
190	202.4432758
200	207.9689708
210	213.4770365
220	219.1761664
230	224.5722788
240	229.7587497
250	234.6149054
260	239.6348504
270	244.5576538
280	249.6149714
290	254.699317
300	259.5169242
310	264.3728329
320	267.0481241
330	272.5867841
340	278.8384682
350	285.1943829
360	289.9309982
370	294.2599681
380	298.2486208
390	303.222964
400	308.2377328
410	312.9565386
420	318.1640011
430	323.0235246
440	328.0821766
450	332.5636451
460	337.4107745
470	342.8369792
480	347.7548105
490	352.1199092
500	357.6553773
510	362.7644745
520	366.7101753
530	372.4631099
540	377.539066
550	381.4351967
560	387.4427622
570	391.7795461
580	397.9630704
590	402.2402023
600	408.2212033
610	413.4111846
620	418.9564377
630	423.649147
640	432.0784272
650	439.6610527
660	452.5110838
670	453.7304004
680	461.7367921
690	492.084739
700	506.2078167
710	526.8305908
720 526.462
730	540.1306997
740	588.4503903
750	582.33441