0   155
10	394.1065272
20	399.1516135
30	404.6542479
40	410.0009712
50	416.2284008
60	421.2307757
70	426.6049016
80	432.7124379
90	437.7122196
100	442.8734955
110	448.4080031
120	453.7720215
130	460.0099482
140	464.7123472
150	470.2705817
160	475.3277676
170	480.5170458
180	485.4751365
190	488.9919979
200	493.302207
210	497.6591252
220	503.5009616
230	510.4511176
240	514.7415888
250	519.0164909
260	523.7912518
270	528.3200211
280	534.997474
290	539.346694
300	544.5124138
310	547.7054743
320	552.5323533
330	552.9758571
340	562.2186137
350	562.9580831
360	569.5650598
370	569.806472
380	574.7675683
390	573.9856424
400	590.8481732
410	595.8945596
420	601.3073665
430	605.1901193
440	610.7734973
450	616.4594152
460	619.0506776
470	626.2079137
480	630.7530992
490	631.7455405
500	639.8214951
510	644.7615759
520	649.904392
530	652.0915975
540	655.1832863
550	661.4278888
560	668.7157591
570	672.006646
580	674.6077977
590	681.0004901
600	684.6830325
610	688.7956861
620	696.6588784
630	701.0925857
640	706.6748834
650	712.469048
660	712.9229729
670	733.2244963
680	725.1642528
690	734.8826854
700	727.7972888
710	759.2657797
720	775.4500231
730	777.1312905
740	788.2465942
750	823.198339
760	881.7576718
770	877.0885466
780	879.7717994
790 929.0054504