0   100
5 153.635904
10 155.588469
15 157.541034
20 159.484221
25 161.410217
30 163.336212
35 165.262208
40 167.198320
45 169.138648
50 171.078976
55 173.016465
60 174.908547
65 176.800628
70 178.692709
75 180.622163
80 182.605007
85 184.587850
90 186.570694
95 188.473080
100 190.350711
105 192.228341
110 194.112154
115 196.042333
120 197.972511
125 199.902690
130 201.859397
135 203.845947
140 205.832498
145 207.819048
150 209.524455
155 211.169616
160 212.814778
165 215.759951
170 224.771846
175 233.783741
180 242.795635
185 248.894956
190 252.405322
195 255.915687
200 259.426053
205 261.995492
210 264.439474
215 266.883456
220 269.471599
225 272.528269
230 275.584938
235 278.641608
240 281.498501
245 284.215550
250 286.932599
255 289.649648
260 292.068186
265 294.468067
270 296.867948
275 299.274814
280 301.698448
285 304.122082
290 306.545715
295 308.699422
300 310.705895
305 312.712368
310 314.718841
