0   89
5 242.910999
10 244.086710
15 245.262420
20 246.438131
25 247.697825
30 249.041502
35 250.385179
40 251.728856
45 253.072533
50 254.430629
55 255.788724
60 257.146820
65 258.504916
70 259.810614
75 261.063916
80 262.317217
85 263.570519
90 264.823821
95 266.068535
100 267.313250
105 268.557964
110 269.802679
115 271.267601
120 272.952731
125 274.637860
130 276.322990
135 278.008120
140 279.917400
145 281.826680
150 283.735960
155 285.645241
160 287.143544
165 288.230870
170 289.318196
175 290.405521
180 291.492847
185 293.188594
190 294.884341
195 296.580087
200 298.275834
205 301.977494
210 307.685067
215 313.392640
220 319.100213
225 324.807787
230 335.256091
235 345.704396
240 356.152701
245 366.601006
250 378.711667
255 392.484685
260 406.257704
265 420.030722
270 433.803740
275 452.331731
280 470.859721
285 489.387711
290 507.915702
295 519.564828
300 524.335091
305 529.105354
310 533.875617
315 538.645880
320 542.000067
325 545.354255
330 548.708442
335 552.062629
340 555.284688
345 558.374619
350 561.464551
355 564.554482
360 567.644413
