0   155
5 433.301592
10 434.389202
15 435.476812
20 436.564422
25 437.841881
30 439.499041
35 441.156201
40 442.813361
45 444.470521
50 446.234673
55 448.052321
60 449.869969
65 451.687617
70 453.505266
75 455.325437
80 457.145608
85 458.965779
90 460.785949
95 462.655554
100 464.624027
105 466.592499
110 468.560972
115 470.529444
120 472.593824
125 474.706156
130 476.818489
135 478.930821
140 481.043154
145 482.797446
150 484.551738
155 486.306030
160 488.060322
165 489.960550
170 492.152652
175 494.344755
180 496.536857
185 498.728959
190 500.534945
195 502.147873
200 503.760801
205 505.373729
210 506.986656
215 508.917591
220 510.848527
225 512.779462
230 514.710397
235 516.623413
240 518.500590
245 520.377767
250 522.254944
255 524.132121
260 525.946356
265 527.729119
270 529.511882
275 531.294646
280 533.077409
