0   155
5 431.587580
10 431.581871
15 431.576162
20 431.570454
25 431.806522
30 432.888809
35 433.971096
40 435.053383
45 436.135671
50 437.298870
55 438.563211
60 439.827552
65 441.091892
70 442.356233
75 443.768779
80 445.255427
85 446.742075
90 448.228724
95 449.715372
100 450.958875
105 452.171984
110 453.385094
115 454.598203
120 455.835712
125 457.268417
130 458.701122
135 460.133827
140 461.566532
145 462.981069
150 464.359270
155 465.737471
160 467.115671
165 468.493872
170 469.857640
175 471.209860
180 472.562081
185 473.914302
190 475.266522
195 476.540967
200 477.793191
205 479.045415
210 480.297639
215 481.549862
220 482.810349
225 484.070836
230 485.331323
235 486.591810
240 487.895791
245 489.352002
250 490.808213
255 492.264423
260 493.720634
265 495.060633
270 496.255367
275 497.450102
280 498.644836
285 499.839570
290 501.119532
295 502.442108
300 503.764684
305 505.087260
310 506.409836
315 507.745072
320 509.081890
325 510.418708
330 511.755526
335 513.100073
340 514.506451
345 515.912829
350 517.319207
355 518.725584
360 520.076937
365 521.318239
370 522.559540
375 523.800842
380 525.042144
385 526.204938
390 527.304926
395 528.404914
400 529.504902
405 530.604890
410 532.081541
415 533.665809
420 535.250078
425 536.834347
430 538.418615
