0   89
5 247.431477
10 247.716775
15 248.002072
20 248.287369
25 249.025507
30 249.864276
35 250.703045
40 251.541814
45 252.409260
50 253.293093
55 254.176925
60 255.060758
65 256.094368
70 257.307710
75 258.521053
80 259.734395
85 260.820217
90 261.565983
95 262.311750
100 263.057516
105 263.833120
110 264.907104
115 265.981087
120 267.055071
125 268.129054
130 269.424718
135 270.742549
140 272.060381
145 273.378212
150 274.484939
155 275.512502
160 276.540065
165 277.567628
170 278.718957
175 279.973423
180 281.227889
185 282.482355
190 283.708474
195 284.884985
200 286.061497
205 287.238008
210 288.394174
215 289.458782
220 290.523389
225 291.587997
230 292.652605
235 293.618808
240 294.585012
245 295.551216
250 296.517419
255 297.576410
260 298.656019
265 299.735629
270 300.815239
275 301.747232
280 302.594874
285 303.442515
290 304.290157
295 305.144963
300 306.008367
305 306.871771
310 307.735175
315 308.815997
320 310.476599
325 312.137202
330 313.797805
335 315.625346
340 319.122278
345 322.619210
350 326.116142
355 329.613074
360 337.530812
365 345.890630
370 354.250448
375 362.610266
380 372.563175
385 383.113495
390 393.663814
395 404.214133
400 414.621340
405 424.909287
410 435.197233
415 445.485180
420 455.773126
425 466.061073
430 476.349020
435 486.636966
440 497.120986
445 508.487337
450 519.853688
455 531.220039
460 542.586390
