0   100
5 157.058855
10 157.711565
15 158.364276
20 159.016987
25 159.844883
30 160.753634
35 161.662384
40 162.571135
45 163.518199
50 164.530940
55 165.543681
60 166.556423
65 167.569567
70 168.589957
75 169.610347
80 170.630737
85 171.651127
90 172.766260
95 173.915228
100 175.064196
105 176.213165
110 177.358501
115 178.498841
120 179.639181
125 180.779522
130 181.922544
135 183.088357
140 184.254171
145 185.419984
150 186.585798
155 187.769888
160 188.958851
165 190.147815
170 191.336779
175 192.434496
180 193.430827
185 194.427159
190 195.423490
195 196.473161
200 197.807312
205 199.141462
210 200.475613
215 201.809763
220 203.033207
225 204.235893
230 205.438579
235 206.641266
240 207.845720
245 209.051766
250 210.257813
255 211.463859
260 212.672413
265 213.890373
270 215.108334
275 216.326294
280 217.544254
285 218.711654
290 219.873107
295 221.034559
300 222.196011
305 223.364890
310 224.539172
315 225.713453
320 226.887735
325 228.079631
330 229.320847
335 230.562063
340 231.803279
345 233.044495
350 234.985938
355 236.966283
360 238.946628
365 240.926973
370 245.477259
375 251.526676
380 257.576093
385 263.625511
390 269.001206
395 272.917171
400 276.833137
405 280.749102
410 284.665067
