0   155
5 448.170201
10 450.079132
15 451.988063
20 453.896995
25 456.858893
30 460.452570
35 464.046248
40 467.639925
45 471.224353
50 474.781028
55 478.337704
60 481.894380
65 485.451056
70 489.449323
75 493.510675
80 497.572027
85 501.633379
90 505.672817
95 509.690343
100 513.707868
105 517.725393
110 521.761707
115 525.929536
120 530.097366
125 534.265195
130 538.433025
135 542.201815
140 545.837591
145 549.473368
150 553.109145
155 559.610648
160 570.888361
165 582.166074
170 593.443786
175 604.721499
