0   100
5 172.423235
10 172.057279
15 171.691323
20 171.766895
25 174.270874
30 176.774853
35 179.278832
40 181.834001
45 184.504348
50 187.174695
55 189.845041
60 192.497653
65 195.129574
70 197.761495
75 200.393416
80 203.241703
85 206.225218
90 209.208734
95 212.192249
100 215.087250
105 217.955696
110 220.824142
115 223.692589
120 226.607850
125 229.527012
130 232.446174
135 235.365924
140 238.292731
145 241.219538
150 244.146344
155 247.207445
160 250.716192
165 254.224940
170 257.733687
175 260.818384
180 263.224599
185 265.630815
190 268.037031
195 270.784959
200 273.825785
205 276.866612
210 279.907438
215 282.934983
220 285.956626
225 288.978269
230 291.999913
235 294.978237
240 297.948686
245 300.919135
250 303.889584
255 306.893336
260 309.897089
265 312.900842
270 315.856054
275 318.544291
280 321.232528
285 323.920765
290 326.673855
295 329.572863
300 332.471871
305 335.370878
310 340.032681
315 346.751077
320 353.469473
325 360.187869
330 369.770564
335 381.143446
340 392.516329
345 403.889211
350 410.140508
355 414.855329
360 419.570150
365 424.284971
370 427.360722
375 430.299883
380 433.239045
385 436.207070
390 439.521455
395 442.835840
400 446.150225
405 449.447272
410 452.686527
415 455.925781
420 459.165036
425 462.379745
430 465.555183
435 468.730621
440 471.906059
445 475.143533
450 478.434182
455 481.724832
460 485.015481
465 488.250766
470 491.461445
475 494.672124
480 497.882803
485 501.249950
490 504.645547
495 508.041143
500 511.436740
505 514.698976
510 517.961212
515 521.223448
520 524.476322
525 527.677699
530 530.879076
535 534.080453
540 537.263005
545 540.403200
550 543.543394
555 546.683589
560 549.882778
565 553.150792
570 556.418805
575 559.686819
580 562.951817
585 566.214929
590 569.478041
595 572.741153
600 576.014458
605 579.290821
610 582.567184
615 585.843547
620 589.141884
625 592.442051
630 595.742218
635 599.042324
640 602.341693
645 605.641061
650 608.940430
655 612.213163
660 615.397115
665 618.581068
670 621.765020
675 624.993334
680 628.292627
685 631.591920
690 634.891214
695 638.191212
700 641.491815
705 644.792418
710 648.093020
715 651.398638
720 654.706485
725 658.014333
730 661.322180
735 664.482592
740 667.616198
745 670.749804
750 673.883410
