0   89
5 255.373560
10 256.688333
15 258.003105
20 259.431208
25 261.680961
30 263.930715
35 266.180469
40 268.460456
45 270.834921
50 273.209386
55 275.583851
60 277.931941
65 280.233874
70 282.535806
75 284.837739
80 287.418455
85 290.295379
90 293.172303
95 296.049227
100 298.644046
105 301.055497
110 303.466948
115 305.878399
120 308.513689
125 311.232920
130 313.952150
135 316.671380
140 319.310705
145 321.935760
150 324.560816
155 327.185872
160 329.878630
165 332.573504
170 335.268378
175 337.940601
180 340.386321
185 342.832042
190 345.277762
195 347.751394
200 350.328698
205 352.906002
210 355.483306
215 358.172704
220 361.086291
225 363.999878
230 366.913464
235 370.419961
240 374.637948
245 378.855936
250 383.073924
255 392.345708
260 405.341342
265 418.336976
270 431.332610
275 446.909120
280 463.607750
285 480.306380
290 497.005011
295 525.864549
300 557.426512
305 588.988474
310 620.550437
315 643.484358
320 665.861632
325 688.238906
330 709.714049
335 717.206158
340 724.698267
345 732.190376
350 739.491094
355 745.930550
360 752.370007
365 758.809463
370 765.003144
375 770.631544
380 776.259944
385 781.888343
390 787.499790
395 793.088229
400 798.676668
405 804.265107
410 809.301123
415 813.876786
420 818.452449
425 823.028112
430 828.369641
435 834.094104
440 839.818566
445 845.543029
450 851.276380
455 857.012125
460 862.747869
465 868.483614
470 873.572985
475 878.597720
480 883.622454
485 888.652239
490 893.843636
495 899.035033
500 904.226430
505 909.479415
510 915.077300
515 920.675184
520 926.273069
525 931.923385
530 937.713519
535 943.503653
540 949.293788
545 955.793827
550 963.386027
555 970.978228
560 978.570429
565 985.737658
570 992.504915
575 999.272172
580 1006.039429
585 1012.549131
590 1018.911658
595 1025.274185
600 1031.636712
605 1037.361055
610 1042.881178
615 1048.401302
620 1053.921425
625 1057.021886
630 1059.788600
635 1062.555314
640 1065.322028
