0   155
5 437.148398
10 438.379550
15 439.610702
20 440.841854
25 442.073006
30 444.340137
35 446.755265
40 449.170393
45 451.585521
50 454.000649
55 456.141507
60 458.190941
65 460.240375
70 462.289809
75 464.339243
80 466.753937
85 469.387786
90 472.021636
95 474.655485
100 477.289334
105 479.808712
110 482.213617
115 484.618521
120 487.023426
125 489.428331
130 491.805227
135 494.135443
140 496.465658
145 498.795873
150 501.126088
155 503.472134
160 505.865674
165 508.259215
170 510.652755
175 513.046295
180 515.462665
185 518.038849
190 520.615033
195 523.191218
200 525.767402
205 528.343586
210 530.774871
215 533.206156
220 535.637442
225 538.068727
230 540.500013
235 542.956855
240 545.417349
245 547.877842
250 550.338336
255 552.798829
260 555.222272
265 557.633364
270 560.044456
275 562.455548
280 564.866640
285 567.347215
290 569.869480
295 572.391746
300 574.914011
305 577.436277
310 579.950165
315 582.455678
320 584.961191
325 587.466703
330 589.972216
335 592.477946
340 594.984040
345 597.490133
350 599.996227
355 602.502320
360 605.053678
365 607.740826
370 610.427975
375 613.115124
380 615.802273
385 618.448000
390 620.803777
395 623.159553
400 625.515330
405 627.871107
410 630.226884
415 633.078226
420 635.929568
425 638.780911
430 641.632253
435 644.483595
440 647.057934
445 649.592701
450 652.127467
455 654.662234
460 657.197000
465 659.630882
470 662.031136
475 664.431390
480 666.831644
485 669.231898
490 671.846128
495 674.588744
500 677.331360
505 680.073976
510 682.816592
515 686.096158
520 689.912673
525 693.729189
530 697.545705
535 701.362221
540 704.209419
545 705.441088
550 706.672757
555 707.904426
560 709.136095
565 714.416539
570 731.843308
575 749.270077
580 766.696846
585 784.123615
590 802.079677
595 823.740787
600 845.401897
605 867.063007
610 888.724117
615 910.385227
620 933.358203
625 956.331179
630 979.304156
635 1002.277132
640 1025.250108
645 1033.151230
650 1038.899228
655 1044.647227
660 1050.395226
665 1056.143225
670 1060.494503
675 1064.380207
680 1068.265911
685 1072.151615
690 1076.037319
695 1079.752863
700 1083.366312
705 1086.979761
710 1090.593209
715 1094.206658
720 1098.039954
725 1102.093097
730 1106.146241
735 1110.199384
740 1114.252528
745 1118.023429
750 1121.323926
755 1124.624424
760 1127.924921
765 1131.225418
770 1134.261837
775 1136.506020
780 1138.750202
785 1140.994385
790 1143.238568
795 1146.014140
800 1152.509435
805 1159.004730
810 1165.500025
815 1171.995320
820 1178.490616
